0
0
0
0
0
0
0
0
0
0
0
0
0
0
0
0
0
0
0
0
0
0
0
0
0
0
0
1
-1
0
-1
1
0
1
-1
0
1
-1
0
-1
1
0
1
-1
0
1
-1
0
-1
1
0
1
-1
0
1
1
0
1
1
0
1
1
0
-1
-1
0
-1
-1
0
-1
-1
0
1
1
0
1
1
0
1
1
0
2
0
1
0
2
-1
2
0
1
0
-2
-1
-2
0
1
0
-2
-1
2
0
1
0
2
-1
2
0
1
-67502124450618637135446184382457649018835119400366673332912711261
-3458308721148380076613734879925504969058251857813599261784085691407675557356417363576823
-7749650063764905285566833050911347941457457531731190630635491776859727668296188852714116493264732
8169955080610208295680298985
3951388045326571481580881907275661041976074157593349687945647310
-7546674827805028386530912016733580189692599386731198599284662472274785309049869853872935
-5051943895475337264916686637912832308976151150561946553388864609943902012300
-4505416393462757413033050917365461009579936734360854370129088944612759519413601890902899
235597115151896441295267767743474656931717002750530349888919302725339264578555668606055738717084
34457910224705690534242870899332688398898704524614860729193326171703947723432405682207
-9807785233193989333256659785393132977036878975
95558170958943392188353561082174630015761725124396451578168204582616491316883823895415325390665388
-14410383847574611858542057140902549591072626718287446160233935709060030533608073
328844229242583209711971824759380544918962721281796259614089156505367203891433382866351186348247
-1006815204536211916277828421618991537457997683401384885186752264556430643440378374
691357255740933019050465329286350811439798552855763727625836168335787184638
6921299419455175701244430756398
-699271349299008191
1235386644410923
-3154599763261909178591229824342221307423708118244437346629632378498850898829551511270130118248569980547957430527158382153377852846399691704445131229476014336969977626
2742306166582785525303562185141339657380601865
571793315978510047118719890398780094062447077793700048734149695045143763862501257934663199624899
226279339670924629466732533035
-180467689410018442612851532729046913386027
1587637980856532424880732214047610776414585443162741
-56937464570935951078935260089436842003172258505994710509131594442757299953179325686381980141647485998044788229356350375565
597937700415552129170929884543545950389976569388335478713511986901166534916792274907511547254348896
5305379997156396257589933607694149923077741184926110479164308627566611881398337917994591933838863260890888545102270704786004429532944328400
324302946173811488360274199816601601508141321002026090991767114
3698251633993931530827520737871717378971758493285208225837047
227910492746225412239
8992962935814887741291224912082
89626456151908368238204623817265930709447319829201102000538983632644331
-1386687841895112970312285359966225001096059692768403747461747466546664269170476211351691474161401916363209
-126005424147442682749510166602067350624892880017099817210237061853041195540723185962198
2844608729107249798961136384146038712285608710303938484
67981762355297890309060813122426791137008052790588197477510282906986036112819098601597902260880949523052472601885960
-632761829950770556822964794083943393353434991676175155607650945610407347461410374914907119973293555070766424131446720
-9022672542424093026415729856942065937008522707855243726721033674160583743125908037
7287289315581439716178544063586622335101372040260668560141194801620248659596140
-1752268496494789214075636502387711606013779927343073886722292269984224088065873039168221088263
310715939808071810459300485502003233193736871884538353155809455360836970559796437077417
-84158231999249880836827159505590140210735849975290972998945565318158848502701897639643505
7700014607409381032170644481458562521576983285904471250542651464
781763400100965791017350939939410677781311252796865987611296004077752728013
59989426585809486215640510787149647118161096755832597523119420015185193767017529304090482258642979
-6215859708095721584028922623623446022503218436317686367875895600523413678146667641645403
662073872527137947919407686288238610476440580576645312952740118227297221356556069758002030042039919524413
41052856331833632464116013893805139771945869
8867471524369847702129411833822912691716613430464995014541506370980219796981
27324319269666058023235
3114235919998893570358950062046043581237872731064993982759
-5756046414887013005173805257542880053993342735735
-84228250293774807246399177634342259445087297976284130443076031530639885
87591105901076750376343161812836018496674486685844
-41023939314740637285414565359350802152970403367
-39669504287362395473630475768091387001801353272
-4599530571746302054738599994694685856453795990482334214321919497
72168525658307460724638467917794648953349445008071254453853370381191179075261738129540685441468
-23681606704010020981437661056747546701197566071455400350557915887377302946558145272111559334389772
-90560135846118022956613237048786936186239297174244576055
-25091863172585422647333096970872774907232822172971916156687937517540822
4061483791067100626271111569661879983760761480601369684674998549471316748914164415176
649816343400237509903574032251381404616255154624089515924325273364577623724997472654731595
-271985733200600345880929756339628779113789880477519330946956903089639652788094208128147326087394743315018538889103150266
-7462508768759657919406186988762349789541523278453236339204408066020427376862303686698403442
81992874725550512374017432634274981321890883892286654
-2691648928580563735133181274365467876988834310911877365026361132743172195868816347248433306
-380177218103764716250691707190200386257791580473658116605175094773969578208604597095996331692
-1939095031110084945622231797307098870962575738521242085300494680382770707826415077
-3260398153449636064760685406275615460656394517475670692593749239
34057664869
7584361188384215197724730082859392719069815061443785715841267052166732545
441092880713199364619886724989154747934068641579094624367270257177
4343708733010744168522100056799011599742641465673145816430407842808699028311221996786379073950769962588182184292
-925050532925487353944625173053863337789887676043699362774996371791139844575464753929525633001170994805438321889530434391086830612512077945200
53033989732808429365610
7911732783777051949
59508901593176545656285643523140469813000264171628688703917074276645641295659321349840917550907389287664
996382680060469607940737923743523192571886509005558959049215608960956
620471580989350640443888944946843735017063169638
631414008677562568541915840737682210361719082
6600602263859714384602412279714115729054496253510058819332037601177727616136025965591859984967448313476094048
-397116053892466670944390598685165420236440029934388905995103417159471271194565202180122391070
40058658470278933145542
-5274355306637211027932630804373487806672041570796792852916575586480993243512743181059853379795176
-4649034754286709569463646236799463418963834576210987341194966088
2640144931905933519865970783868362763128997811780
7252820341322187618291826597018746341452774761587915627358575628125038747339521542717109125986892902800627646150879040
-121567497574222703766820776790948649683359730655032440997418878007592
19415785414236827668785562648928673883509492834277162550648613194432371936
-86076541456198425224995757640684765875498375924020087889520520484795387052513934655191504008662840054789687635382938040527995123240868312160
21705014317197839719543481629940465123183412969304530140306244750200207424859036330923527633
3001233289407857553918993052744213292457083129993249105255558
4033720347089479365134994293412632618230743463318741593689738123810773200937116328
893484680078390165299082165496443879488393162201026994792665306
356614933588160304419164095209132365490064347426114010356
6357008502233828823480102939573429746788632155820953051222136
77917081895178338550091580516900252911900599316018150113283099219775728983703547653264402638652
-1473336633104679121677736692906350739873322553766335398727621294102559596691473538213351185
50018273766670279678346142636194881451424651813995637863439750492652908884119596970825719983593932924768470251550647092841585294075810
62905282766827198859270537056522571129680116363802
727076556077192979839792646466360507729119234178661375844126177
810880425617893646009137639768251143150542229288436679699604606951435930315147011650521428
-847949798847992854154816684333638924065021046278239969044
-348819028714587309696203582256561374882698427311628138491187323698989560721533517604853
-8474478554005845672620405604629786904939404146243364390878973202252369654
88484319774
-4384066499869620781398171259049317438514778180520391113915177230326139133323452760576284922
-4846315798674922473470837287312256015830773356792791464085537884547317831962138185187950471636
948096414826657305044248888690979463351667932349461128710832
3188720452502884457430191560428951170873627
43348609645334499255636116877655898262795069007794508348596798
-1293360289045320266
47332816742206363362906760090000006396032520555796511537722545512689558062980375021317165286
8591555301051157368408001443084624159843875054892824622887235694131191145861
-48834775843966284634313482067320216581883333891665355331
-5559632842568971722215223767168565320466526249710158509531606928092380545446673571343890415256547374
1832667401046452044235683514091143598861472148750170693839043971621056401052860836270878322
77962579233178542619438837785837488548232743325598978781688895498709994834319422475
857573109862411531357066609788813891772974511261718080739311418660470815738545
85228619050933357556286982524097953484300327361995379136757385226165609387218303061622
-7263196850007978440100442060780659157376923871802866353277490604
11203642319869635874623224468702631171838803585966836540602843104237311268549
-33342090968622254710398987886538868514032995149904442095975494537576342416975201597984470777351148320206693611919359012798116076297551242878170477742149357801947886197542996008093144355
25634195451975283094134096220013943172056553142740
35102645634233083536370053743190218910949196034864869511121147849112560440432113754726583185443788680294782666887314
9558291543831528377035622791701
73518852908489010658896009385900977986014597341420805668585661306786402760383401617518164903049
-953988747324090401814409848784429719709525807149313520253029711930273948137377
-57998907646579
62765519229871789702355844633973204428761532568630603737191118794962667
8527191590815845821709738201917329251930027051518379745700993388406849783315051452275158439364
-958834235870854139454801338208100586585985985042440328963
76839949104648262079784393163733240470632612749180852742112203
30960202453215295435379342817288306245957052171474994440143703417713587
241346532353272986165736063210712879979696092752646347866522702126024784256797310109543572145
43561205762936855977739791910385759828132187277155434716044270995153957243944694876398457845
-48178093987514899115095658165781818533270842146068739894271785094518633447381615559759
-7297716446619074467644091
749563082509036693908449176243654581506113601699645394967078879419265407568797964226
248129043024126622173132577654855
64782026904008457304059747288118865089288542825698932262130821340779959791931605452894911
22134124235977338446163286984389082927592005570960231345553883151033150009725434882436670
-5919250481024981569267832568876542873660533345732005092179154012481516534263844251
758894504929962706028332249733425234586312949471976408
-818441957306395019458219008908451608903892391524434047732744191367214522087108858961256289679
65930983368723876648862216378467626515934699177731613102185058964975
-133690006177380949941223453534605948967272916993260493684179734521384899173192228151518669389378432125
-67808837719164448038087916530254841615301967669061568568918481433153347740572997421610641027590031928485143522903577772324325339333525108
-282033587765827532294467965122271022354562877170849759898605
1503092305533350945406649747418593393616626369507854243439146250865398673601591603936
170927289247944722309676249667385322409604636299251214213766
372502335126595923404813970616844073792015893097628709066143939736
7673608593694529572519757
4508096201119289655243772267942980937092712497769
1296157705477578700449155267455191171207099751883678212675786813250044105953599599686169915490533414850825332411733697563187334972375622709543036502800768
11699676093784775374531992400601425863035160203454732351932938497512201307056804183384578443386430351523293895345156948292381603993810502464743533212814921279415989
-4740334487972603669996585294064263714307847525946467616827271948037567198539656292730228720
-708727303210109450103334732362529139610300825688460758790690271
5240461093842207050814940119884945466548489044755713884072290517077115127271908679
647638870250422553005433515152157154453592457343862901031939399927921346150701207772571443078465726700297875477751827148757221724799260115299661830970672735131314857797
261673431099025656139476495624656964966076100657968795622798365628414619859571906882344001689892483020941984246035027763821075664417270
-6497654264556415821759966622005010382135330524766996139545247237097590360042401805030801358639309482701458472
70166441769296203569245231496517669312520413247107387164736512424857775823149209074189595
883942267648025461354122995543162202389089059988357
7253842401820848342747133410618107156941697816557541730490264637903233954796729945969833451322985405
-501436939625904151679167686773225410196094720687368
4003945492
313262959126
-181150189990858526832
5419112944368023978229253848849274143188821883176
-968233204326742998581793045576235098765502966969781784828045851485276730345803248
5421382706741526983713659049788536527739430217324002586790564919196
-86618282000116242811786559939594562270890414865296421156139081732591855196890737938
-46763148527912284389009274616898926767531668404621572540167286855010100
-45879705121824378829317387121575310582480667662584468025471990966206056823898987181362411818256
-75640724889150913009
-749398792112197735764534003152256650422408711966681680340890942483292144888
-57154937748694745310657555972118077827152894074950982993394190599737817819662683384477304303241391167584070
28077104095539860006992997838641048404688555390626625022298020423105311294272982527754
-323626382355246305868544374269415043786871217231630770753228108066932309031288409725738076868
12574789117711530640942974095692038666731398685372643169008005196991462786259174650262245131148190428728652
67306166237298174839072880495593318574662155523154195211740540984950699479529796501526596563842
-78741492596419066649633755443995681042153030859203448354573624667344
6566872856803510632672678582569082776343562614684673402942114952278084542120009942796808191204664851
-89300227325589972495878545965060769844593142901320762
329872976327639809591460093638396722404174033044660409051548242992
-6058868036033591032472551512830739401486138304569042390263665275055402905189444605561579389667625
-16056514001083826276033090078335274639678618186694621759693508945570271983011855422422005696936335
-23527197318441633558583811678547779066204496898748841208976893539883898104149707718089286892
-80752279704296727791061565996063823145798101330507891620009296666703398038477
-3802873721388442438806178026465884454521422360423627651757019878408482435073040
9210272207054372659845571914655137601225832
14910156483157912084994078493715443035610472934081020971466303216121609006598381905122330526906088081033738738607238855285847913325943176143253234258864
-219832348077468285890245063507214699211102655464653385
50525473970048
429427897660510059463144855258260405688306991521570951083517906186328799346736544978
-437501095565964593911549935538299393564649698855351724556628178158924517225361220
-1777426352704700491790118291873099432867421414936282402121495949767463246368170288691861353408
434000127942204567553376959084500929
-987270920484977569937256248902367695602
52191439937686844601520658018562515452025762786556264301813537889291554414
16869341577362488564840653368367308024987381488169979489671331029106044440444482638414083861758
41084541295102506036451854812541777144878142013571754014755956350684040
7993517254170973318859394655087150939252049380696005883477942406258452262689238371011376
401705084857721545606390387505687723382536593944226670230
-81370153590188689218383949664383729413857775656496118103689182204593974286
198284684457064771015795960137266976275989998795134053680350607501390924753791697958291600793837651383017359794744175464786599230097011784540283155158496
23469711769973635401412110779091777247681723287797547831
-56284489337562218922129554810968475160542668567012047032119160
88819740792832461001818383184499894640482499758797632584948546402412
-58863442604538028371399023767590385581888796995203928110228889548879936131550550445610708
8402117207575774743585332703874912939994049992201517484804320092860256405022261275026
-2524348517382566492603942227417499877456626943076386993775902235526222471951929113113821828310090793383049460232960
6428366086973084404072565568737168205726977083944620381396139664276056798793510310310421246
-43622453413132456997327489099069089847888128982055028965122089558489522798024235762413212542047435
14986898010451215558611011202073696445998082407742134691570202344957840514573586960901612537642566
-68970460007442657688096657144392768849378313588427712031145209364908476358627067516968842
223556765784068804280272741535890227624963994666378719885630112423412206789654092365612412
3593456277576311640491400027520550607245190998258536092185504361826125913844923813874777314253410
237594971139649494190831299765394767245030605931642210976553382220
-3618755499921959192466804960390189964789143502588501481108867961699661731551914845230400677170237593255356563065760084860725327374007279382811080
25955287844326999907584093467011807932805112475769176584055087637455609476276418649016678679
-41389574174448693118154001676352810181194846845
35128692040120143410517431935624164463065135426412059990147890730247083515158732422381709
756036474614499120873540950520113123486908988194104929105211041614507717848270390
-526330425088817069027556229661481502896639928318283581652965777064882
-22169425014267157016847825314447084628570407977237460460884565285068090041327065848
490025410380265540076392088361685455761876128
-2276452586223067779998136125148528518550527750437376178647633453756227139842181920894592940
38677913181456603179779665838816294974592637831940837758520624940992177261594104704940495177188583223956701036769206
868916997729504784177457497304213335991738827259
445724853406825619295314358633254192373272086001125726468
103068096309807662447556898610652907683144891034162778947476747204467289962674746496684
-4146609192528178366681849953624338656286969713438409527693234216374
900942406743963163902177263546964331664336020282682683698
-5187794032237808463425854078350019083460985088193854039788521975748164362771902737141898589599411636
17021079309783588199415670642641296079764474880006258771218826822220628235367113930639728641932425623
-571624100742294755901835172635755343308015461687021
-61034118436827437954007034077172363463545115670854553746148656254745307410440331104370946254602273725270844284554920436650629738
66683937261975768362787071420209
5750063705349301033600146394887913948113014773323991270991344295459403409201009449031067005854226904257900423107891039129443460543913936328988
284185527059259640369521554831734877940
425914723209037995960029038223982047093414098101369685420814389979034946607113107490437382639519429442904
8552131733867626554078305452912748393706144711416321699611385979275632604011078985434537037611505379203146907316
295479573988301739162799357289966422215050896782288937004
1253717433200773736190288675690911458454334728303494410662564928336287664580473523942160
300363255785051914021041119980403669897729599134599738155025703680660125718614513057563105012422117010156056017984582119746133369330885577278432466721438123586127272850
-7005529108968476852786
3019684933790921188040661489893490719633415487234724287810143517416854708008352302832030
-792944476818900996510191192754316496813263641591777902309790456046254608362543472390735537776070
4548851532627138689635451525824029061387067721934995868064492669035367
654964775019043125629205911463692010
3500246812999743588927185309030156534191875858545767162446148709
5530469325674736940191570602363765026829558678792717
2803565852877856709259729634876459336931813872259560712940473405481035382142
-32161738967318222320688504325163789
-5685194371094078886745408358434155523025703765105070033819220
654633046127452916628116686714508626937767391450595155993200783038358518765327419397693225760235
-87490846536015916648548858298818965846459534255076501485320533446423
8131935083253611089283447521607962298995508994631934144130
1711724014709013233167081295961425703892502886272429461089687822737450477612115
-14685804538076993401640565273723487323160992168755251
16980299246275159998402
-31969179138933274875195211994492783961537
-2156072191621601795035355106512464940701699164805300216450990472557044904289620879607661645002961411486859121933046049593427652229527100714676027834877766607982847505104
41139189007111680364454900202033016572875590042140208550117
-625347067397200124260469756559191935577414101712565893
-8670408626548237564958584359688148116038174899662772236915743359956877815674
98013421166540371236396502918341495215180942273591470987957122575951269679114519596
-5954185802774255738216425592093929237306513366828607782261190460089152099611491404368921448884922303777301849366197887680108335273966
-4879926808936149522672635332625295728347000207232962840286577642665333434737257408655740075009555723704087558133185
79930566953774129291073929709347196158105039388700482965352600092581310420857460452775397786742525
88463839154082388857952837371125273488381368305162242041602240452802847785871
-367509084754098238876409820155732923872090366717692101304182548296932875061271409706323595367445759
689132274376175995314971
-38196745787831666648137234412270972511382086086705567985166540245315540024721575070308847161385412
707924554370792854754297851577005620683057617285833437717582708692030589528520829615021290
-568302300202076756892563284413910847295682505880192092931837390946032095244372445145
237189859864532657139508850680983433210000839958887938224791533256403
818912300774931982132890364216266653934619795180874734670231474575394165
-44437924357896704222422362377248918555539012939
-8746763235790342083841944941102404284913549218975341078069769247856098
22017517881374276521923437699642020059701934818769165932964736544419637428684
948113903079650320560429711775903974631607594588157542617
-11344571236919246659006382606353253817921406347616016398719454126077938902159790958654249970157720
6598780177960178143057134079049586250286960700279253677447190652551
-1434516748139764927045394188838035697520476284821428348018189471144985892663742308611176649586419722812273195543455251091504887212500471140653933106
-5235646619762193470499794760146661937488932089507330332345772236448745253734
338555542344085673390156875891592
150000319306593706772024396618406844681603568764384827815534215578798938249997751808768654194335302251288029526700740875
-19311703650607180718062773107064579784424714003990194937958229527896725833221805548963347250735389016652686636185665976312341696048363662649626976132
31295618792908706402614164733293481888
-407875262532060198168024058741860773365199173884192663439950277450892209831
-33445248722315847377902380414897621504347294635993496586492220847648932232560542989345867
-44349354402157219871623839425087538131342732274958999903980825711325
-5658971212092868637411233740045541693558666773948274637002805980448
-235462001186881204113762833300941684527939127622568764666825843444810706430347637696065651578409929781765387995731923275724949051812627072374858284160604362088976214852
-20563568236136155444810607677819872605193774099419900548308420298613497888573476173849559598509208239727027507259106231512314037581
5127348447361989986344729300721189302266934495277721535580356091768379410096
-13211777883490569215851172626360769594289428543282379796924226992784589555803656784767755376776208511654502534817194076478821996908
68003604108131439322666836343689524087626950372320379252439618559484367736794609179017827959213
-1819527413779312426067794593070090187544160905162609253849760409665369369156
229984403411122912614407676048246527310320924315033
-9308701638400424423685488136837605273006654545248839503726524069054969440
166133370779618926134052793861026147904549639992215699666648788050226413542063287402080292180825621258703238626320158640034704264737517146437480895172
-26729507025404519753455747387781598419378257030841758492468
86553110094512238430181369667850358307086058883995235207058809049716436946558608304185
24973189413159606311595609638530490661730240011579756241324042005112404645485960033529
6865386923999452690373748556802519185338366
5942167111573338217822316879394409394641481361591013954618238267533270937941
-8518403490493985185072
-8513267432147205231372505230080001694049865668167234234598357302616095980881161564
2305640861779496736307107804726772730166632700
20543098203917928023323527981385419193836422341340074176744252683417310435841823176322054594515163025853548
-169921666599752840955343143672775732140681734817725447205280457736516440266994452303030
-2200498388882977074786451653173800
-35535909625870578502328761818342401067864427096248143682877630406357045793222179782419926226512202709901001396690
4501058
123799019011565081948400656897195958403667990
962523786646120538928164447882975402064357936367586442452399833672391115719599338330608
-5991205034893621895411433497200607754166922342536676205680275527987458420240878
737229665416101766854885150636400789896432398370803737958132794811369234468852308957772238889
-4845614693203318291325550278149341055034144439248476089560706
74815740266977893545413380805309279259191655677729454983790150596005662
-24797674734791146299552989053580535843319157720985370274334324
8472349475441793448721686911492554914181431457357561543269433551102
8052118241789546786602527280440612840800589332570565266942508739
880914014485874443541414687098
-975059683055070024142143924887302806307160906413288
-97416783712151611016079342549354721664937187451184527621572024064761855815218
-6233987
-674182431824015834258290382811286521673379012934727193733360416687489867340335446521848292
21087822465274730495715402754490158757137042352545119573145321558550870354174826565253684541692633980952201463612
178026489813545257315539753914535502226026881735350236671096528392867231185344799550484083360
417919642480225092017924969151858605048662207524009500020097877939976686595994
3063843225168079871284245638043429924782426216480898655593695798992436320692
-9480559811905490767554896607190669476840546216659895421885952
-3449655371624825209604464436160202350854180160662916565006811298501150941255
-346494390448560507225935
-372831566663806120217263101805714684134859350541472732574155904101431899298
-3889625059
316644781029605126937408298088620300730876828191396513888709744165977941
-66832815233599547558714475527970282529002941813032980762333664093582736563046573864074155840313
-284611903735154007477888196984320
64140356914120508886189661720564567642169687738545226033552772118499958568830231575388116702310930957847952964761208
247785336342016904977489879133757049750702054210112610881534046570683292297952155341176268502959231005360095327581286
803329253349317552223095060257429447301692102192961572034405046802499072942833508664131843
-37521065492970076721622746669667230726030372212667640449755437251033452350111277968
-20893150051639729874059985042279304849563630313853167901050909746786211435808910679270906765964352
8315550149835114751359855181415452007544351258206787304251197237289291539892322
-987412762139520910653555637800159035741014058286704466752687450
3024916802688281875617391580745556506347628287154938
8208234955951092551872711625563270197769605917561695366082873977659309302715988579629349758
-259985593958070087578618403516663492127360750882778673004451918296595308970700037015350727
77182753148742688418900955562136120850641700192171880207751630902949957266547429
1720791251894834500670402249553758163911191641497565565695588994331
7035820549033375716961797442
-578953828898209331791024838844619821736834521332225010662265919752092054477281
4593096625818175899746134401095299627620157324235776165004951464136544
-3179217166664510749620917998389664128668998751090190
-10947828069620842833487712738579307713470407865495096367244556627921116957701980955904920505039153734076600426978632192650371528495608583060
51187251357138122913493961974053725457964
-632119938203360275990306285880539850807339867335251928561687453330763250759270913806373610897963039
-75252356463865556047532605727292464120221359207796001510706376821005957306602683688717255032825
99497760524477134482
932877041267135837609562551469315842121278824289628119
-408594804342701966019591499561958491
-11606215313612708454152466860609622720762459665354376232366007451376260684507159065952037674325289840194460160
16528715019412477118680448237812398598672536354161717068470017336462316740341522760815186662455077477423822873326584035766957388464719772777555082615
7811211586385928850460759196732204487990432025139
365435776093093123
-761644492513966882037975334178329220887715836939642759417469246603448992662507212696494684378598629722027250
28537900648455542978690516017797018226432739149470
-821030607829782574048158244473164655812308750119544698815274578429540936647
-6283523584247900148872128305882028298646484299937244774894281171708744238232291
3972991024749898098782375882179937874718699313
1100328303105621170466897684920313281514740446165573736281136149155442309353763073943412253060598
7263740193523361254042667782522401655542326
-633767284060986671859741848200199437777087351243773689
-4610081752425800341684520024490961662444604515339797199633711551921354169137368055222740
-70471851112235334103664783763259827141145079236562185235536
35115890887845984346345442377465645918189100567114785940071006746875181291406370356041996815765147291340
-24038398627459563779605684372622562070869514055252995836689631138265052281430179630630
7007907152521145542199647151533970040338272909561910284112774260097584541015492684722564944
1692997004358622132391676464067274397498710319658833095173538832612923226721625284990
-527762542323853463464448206632266284236454194455104175878823749262
-366949897437804655607910011456909924324166780566155020453519985931476417725946914698
-355704432203070275815084167556816940669696507383675769696858056
550389044210760243912971244137043091935239
-343049815339512259323532433300410481902912386934690397713905894201744125774070
2802716735139891897206598106669535467021426727537859025257021755773401904778711771453124801217029203048448405301340496646425659441947418290620
-600126306210328710569867250046642107203874730469108798362220620897462030744679513099315225177548
-949463003967777357096903553916447534085648831097220
2874739853763250477875142622624179372580557452794115880
-60898914300539668696817520458333808251605144665356811467959822666297979753555987678513173936219359684817478298935975
315542679682505054270104560040116839183690853921450907868689440
-52627484046648993889945623500
-180834695752434245314901076355024174301501940727472462725696082006782628995049361002031211394119849976892608107162552309831878588818476624565292961872688522421085
-3234263178216116865722472864409383626596985566299026802852474304065941228663286752924726241759940813
-13482557809280628923026084100489053926957276525191798737423787775539073459007646723754816880367188744
12036125933166412143433931002710450811158469106371922199279453737710035226635972474577004945972538146
12180284796154985383711739072433474376699948124437555659764372655621956274996414531170081849057141541
-9940365396024137301570667635865530861265972462010606623833136792084515899618797524825247374111457685
7841700645654028592349859844710985447685627485999912660296970739797027172905493675074570967488209818
-5515597574413655474643481695758508739290682701596020925153690178624038602185300262951302904544964445
5734026418242128850529573794220898040658128879754805756497735183379221231966352017906245314482188539
12711416654274141487495300629232729019114787456226687934788580347480689684225610643958103864462549757
1338231933438050005295373244205454429062601925787250091391820836099964751781213409101131673636199146
590518486774914807251981708407946921008204356398754520059908211687341570543828297730060023637678362
8512453519926587467250741702642913254766340097358598235926165201931671982576503981370005623233352397
11470823092796530634311553594134809447384074600139810902777156694101936309199101092008557585692080717
-13980994155058018151891808540118374264384931725189730993521546611972276697069083974406536393900100691
4288016394433063178993081709207052302524557718718303028707868115806770043399789582108575473565962138
12855877352423303219167764827123609349913706625473244004859234562846532116513600770003554656736732222
491396225233348711080827487345290862098072486158689160598765501538799433907446309506968178102969575
-8699724456357479606672431061152122188761972288595625251268328605028788742968442038683723545520492208
-212700742553558912563755658722122690007950229956521699056666093630362807552950145116457791606625907
9239137546591133462739395008158194342263595492099034241158474589179714819588878986718662401628467428
777794945729247104977068710417310540661789688469117486993217645994459591377254789675542365877130830
-5170222279513006899398535843452779406967239707269362740129203680350524224582574236735491572765248227
-2205717557647298398644092832892333953087516433195104957982055535964570270123942145035115795033798544
17320416200604453887223854384969341346615645168753757063220775397421540571291264636862030015001218181
10030713777165943406887228772843637160255252022973022693960334519613705643929720665311888512188010213
10388340005897511980071911144804691954584063387715837804962895611297911733082116607920778846538027085
19653588044627155628651440520361585143575735828495887553271312879620753788430719389444212698534024325
9057833147683162967753855925188950771444676399876810753814513905989853932402401302745607468945863323
-2218214574745671175153286668217520199774371722471842400502268241944928630248310234292742329987520626
4969136665363783011995980833933098275822648238810368388045123117148636888914491401041685902207476956
9351906970856782112760135345456855943488645174406393132250317500345787899724862872816244421524628772
11903189393613932539021641144905897521573340904606638253297080876669881801319850041563016540440541690
10239394473554775578283353497416836759952578090921342951495920635266078384103177223812651775008023284
2678358862615085726021190669861912853149736988614447707348993330879574637137539692327434555408478013
464851208331313382514692926452848186783780056738486591590187230273025858957976652618534384875489040
8012820215501730073219703261477346546299251518857451049229057185858638549870144341624881308024397537
10929693939476045134666654985428071888438448445466777207743998505676021864076257560169611767051142552
-546832200430610961646332157173941092203965460477775674921682653724459900002469428913476785958999677
10413350681871168449364878514960908300708919426754028946133222965390932749766149835628322238416463398
2014119473412586206958877691720929209072746397064489264734137670940464025540418220917439572358527958
11338865519228055553166749036441294924919034727228008426145424210368247112852787297177510845786347082
5987989330295772605929031103173221825230604374536778616382150044870685410343828091693347244359382257
14525983626467040348210407611040389498129939468954708964536513939578537797783821460161319375142400378
-12965288466653620009432822171062100587890175327529867723530095673064577226821958267132058590393141219
11424421979884094841223000600742975168696218991334964430471319908581746402424725664333670790268352345
12704520780867272437479620894206614803069439668793341673272476232796900670600539652354931389197927631
3741666366732528295194193737300446523077615572186113880005410510774022054823978749595340598584648512
14870828850401810118401402023176981674487308940331141571682184987772406481022876725921728619932421709
7268250587045991106452093873807484397104549799335975480434349497595070136439318499430948881264833459
-15821058502033844804108109291404073407076601570538758103969228175925381625061655312614849951292005490
-4086911765879175681033109490130321935585113854361946219992761922586402206006479151831210307280910298
-9250168420045920037172194474266324700602916141933838603807607596712056134310784934890530494139767977
4090903245195484405374481967417951126761056503875773201552455703176965757484840246641521302313476746
5460855020228492886353779178755543319029724472125106276621274933713859568640015962312634122156969682
-3322664461523047871335633401066127845453621486286598966669454246454146660143593672617080487637402534
1578246994097462783746623877387363183547708086281018400599626379481717158006368325919323228861692623
5967153647087811439286280291524038783138132143309180698295236740631975143102735226057494949803271405
-14274480133350155735650831767037059160384366797218203218758103202823262493437090901144302096516778104
-70051339511252624532979515266980207992014005235581914445034557368055138320654812192471230019557399
-5248146532207174669296699156710480830000011125543751666613023045372539555594392371063454150978215503
9970493288063239037019975402254924060428007880069330105691966952810850904223078498392461641810777440
1853491422605457714835890586248460190439521953667551618576224873401416677836019382795005125804463551
9741213665759061613114328115335786606367727789304357182182041817861964650302320490043450510966639255
-298366664040011084708619614557239790055483189993234639664699187214553876881099030925044294714284435
1510135293673646087771963680070280087169615197309502705252860305796817052134513160418431296831471277
-1309388715800269605709116822309845054785247738566320682637035512093056709644992534756559357958122645
-177559561808769173604469999897746136860157596306874751909776024606892567719510603435828734857744869
11869298239541183861660088919025612764188450133923066903486923131882095483397897783807045336077745617
-1749354083744010829748860479029318102628733146662859603328834634197844350889753284375985008882182294
-7625471688701361695487028631225589408862430530787114497777528126960865012517519161946392090134852620
8514272841632224615561725344190165581712766646616453191398925048524528680096873415143570417636389539
7556128732065907674926535193227898143198355403633782612305645530205023182455829913316031364984871028
-3753202356937319550488819786616718878558574542483479962695249926418689079223167903238734837656429652
-5805651315578517591714798642778836638284673760134449258772934705301230260290713438397771969586213871
-4759666641629390126607546656645276701126739915761713279061607112945915643740868889263959920608704586
-3122941500296177828999754339943798897254072046363639778800086325709058128293176042868490762332795699
8983079117573153784667135759920219271570323365881481675670732268480712726948184462962932239244545389
4227580889854765655600379034629199855933018262562482343580320488854991876881814010027381323950415031
-4405687752223418323012426639337556714790021594460463645644472698804913944715466685656209489296992039
4731782970615091052721763365352663236449387133625476363402101794723055386568714680578813259057370698
5280837135886822501352436811699468691689918910951084145586471072718768729577146931109974238253847254
-13883638931886031661468504557118161781706604049223551787238583418088134068547178217376644226916047959
149044868584738584490178641666593967842462171915456408607516750846239663728243331061012324346983702
-4730273602230337703086657787122592811463870404989787496523711261017925033429294783276401980619922662
-1739318199722231018518237184528851127061703517134021100792852919128874991832418905842700801506358424
6193170892106412918696336256694962324499343953154195050946742139040396140998496243331875696058986699
-6747320413151660492458536732471826168118870396640874493446540372374370087634938155934620956874479969
3810946124162012590819646168732819950079009969585918766755865045953406196933775266443792566916171600
2549544079333986804345960734056198097052743632442165412309709998841479354903567725429412532227774477
7129614417244225363996215568179925685559894534672090764862372250668421072678161704441294818299613624
-435250634131769853727970870385340229619426847577361434846199455795113214299698182986877192734306402
2384209314812759921395022047591440519967035687884572199031454144870145928235741984891019503835721852
-11356238530285892617434466685394542351291978860621413097113776996135666556039175097254735341372768120
2157947086923984028363209834592194293759770651729749655178469691102452003757386092115971247470734575
-975605977583654429085937410143016553653138755284507577761384840458744672951139987638782032914480375
-526111862254226651177852825826493361432672279375809432338743247332072193114682858973380074537445461
-5384995198356560508270847116519968413142216848586669577720417827472134477956795602831162812261524758
-8138104713279024061747845290930435242985902660678963717605624358083565195113516638393511799497084023
2284296956892627718939808524174222206560345860500852793130139145576864344981627290361070196919492556
-11267807295044664771366763317945418067463968486472990968365768874904511130695571574894853871200231492
35328739054536226205962516822557720978990163812618884091577081881465139720035225255292421817650430586203488512329907398467379488792661263773742586637981629680290861453187710265665859169329205714846144
40620132932755027868393770124087314207881335985516299283116126288166189833616551693530533752143749954305030389820533351320193375509907278965398705268145510687717872163732491276812421047294467904391640
11632109716914595762292077292653607891097435748790131757111959750144332165138353476179060679188081007920923549542149806727680017923446781103690137451344323969395440092365244267461435887059407247303065
8011482357229901007723552452227047196156475380228946185263104590577722990869053999098015097408515255263201067086440714471339741747439917447785399055968338659824723080011556558639446709694840506353048
23246252951886326641890992365907249334498226008718580482879188104540965824605799814241357364082614699836000525343736767094240247214005155005513171365437043665619388415518884964398963688373932942252767
-18121170999084666277741832398815833927949864891485128601538150489230666852050063429039220753682441843180680553748517675223723801089811618860655596408083767265444903353249140949466886011452999540268461
25062960196985811747382896035516259300673355019077606953650795062620416734543725445436681332021686268808296710374487453786122468849047181010748774158817671527603679864640801615854755512583545902607421
28307423606808367738170444676565690841592185887182001321486754706502545475976582288142421300284970279076160393387148803699121974354709585052382380024891737140922261002739579555907318539743261893721896
10168886381283120076423278860677725100747865833249676719205498616365375516914021774121983015981518085544049393505829764861345256656979174260561943186084306843833929901601324729617733548254017837445846
-55343901623811162824873806618100087880473248968947702198672154510845502805000036811538030861922952085281431593500394999515948035420883432914553597287848444239069254006386631382172184362229416224051100
-10157891871607986460740227078823404618091724069572152117028794415475140524374912151931697964657009169055946287929562020577764141207200223220996195087213333826310455884472664540517677674256127497192864
54629581098216517479367788165938971845891145639632305577565666066599856521572142375329933071402919175210572485484979928547172759435351537034880366613040046745166963295384379439303646025580611868393310
35445222610399420081860458357581313597908384398863768322945102347177620387945923437109019718029703781257533474493943913185652013315142134537596170677562387097676816400831687628506492590541747597057018
46410248524813541929158467173382983093915909663515990078666114465060588012019593194524799815177044355248445536691004726077704166450103852787070998233453198576751968387630736691210629711961518048842952
19607729845819104697830421761291961440109702460339532285971449248036674888388547059934252101955608034191645412951388953342137665316540691945155257210354803046685307457310343241844257341238391869559900
40139059292657418019247678980427333184872871565724065463908386386201791522377919294200273761755308474664464835524038459891590631849542943415382933780832993546126859736983864757838931266658289253671380
29520929963239624025830402276507472416999674927254792212430760721228301193386369034406290621127381718076755819218059785189359831118647223424326296606501638614098534730271725847113054065427773519864036
-31221946668949232400755282061588110420022413349543964709734628062871676680811288622299626179533381730637046850703739941881379027846457917510184757754460452600444063009615423157000423026308509245465838
52132980183435207343656322602630842660260608672595129627780484933265395321016829085601339053907378357995856037336432734776097453258936259257375711899818030002401834718099516573696615486574270220388675
-6705391676064801725000656815971845863105783115871646712087869956130902145680889140645300002680610241121968779213588862518992995882447471991916467662124559202912662658294784650398002514384256295007128
18909815833198582127919287975847168310200927097180527830725893638627009602810373154865370039301496548298592479992352139339702379634829882468227722163816506404509193793334472959641676220742702514132256
30961137083232558856152275780255057581245145920503042962182366025775642019757214779318987428365364344997991160001794544503398228130056732868055899320969510081518738914558910323369787023618801185630785
53440737996084183379374840394395952466562581286719193022065683426499285844824069578761839708702573243045098853964689540941854120752522148846841484701601593324205068565690546482110167432511079151927494
-62746322310590111368898219420891997956577023690343233307240232345185626623195848063729056592760758360821266208261241422979204681602573934911751063620799682837097146597900412015836321259613224950984122
-4826721999595614723972957364292955444318681367870681246618926885625201607539312461209346241101841472708139252281754445179934776639404080389972491442883074685809267138156324579475194710776035164272720
9442801171988858046098808019035216873426939425365329294902354165434462865831678714675624348428061788735307862338548859615650202695288162551073147722359500284202889966673136843093577121353921938942689
-43099260333686749188664230924763178469743762349020040913844907245895019681947851703722977937569122648760200460130770182055300322036482141464564319094069247635691775400895915143606752849585643827422912
-13195906346517291969629382070736761982581924115976751431372133215116302189657366334933948429641296209808076464535912365597428322429668169557564212192925012843770960187212471385116605729375699431162247
-32980575896255561118049752803907996799182704402430430357117306588590518424695063174974853898618599217519107356209165896352475812620526468371741678178137379089890678043550802576892509960351677149756830
63294625712842594618122116189765956959194312170739377352448718658592314319160187685633142300137532399031879712078667252479896845771261216110787503824459412424085277164445004552148523296009539068803616
-11434522507813343583188454495383308142789264806160357503781866773813108364465392885593096393363206844052934339022174220547633990702008537841801104290139206343862705009708410703430635228831258013521041
1435102551769060852500817540935866365603270659313681347738738991114387190328444230144238420608367028984667988411675050218076146162350746904102671252612312810475733111409343864309542535019584568956614
-6858807115956438200676473026634050802178202486470489264491244462557352107076882193956724610555946179320314799548090549670259048488232812141245258515200406510474156530098870725976321076640014018598004
-14424149416210607350852538115193144854330750838031446329651203273569812474986473495205815492183862654353417602168166429968091974104339548553498904609271020371221760446895376166201421097678688863091620
84896325951491303551607929972364269595068466142605998840951250234180998233171832896310518825337862770081839283316078164951249953281216785177665974360819412193927659267886637271806416908824974043079039
-38384477127236709996970885599945332127887718397102262936219061550854558814769352939231573411725266711900940887898250743236670829679716338116521430529350848862883207280356490822820858847341342868635472
15261047405223787823924220279045917176893741758003383863452175529745460568181659253875004657720780065378498497062919210402122990432757250669178899476758736851428317000346762370790390538577259941047020
-36936659460554446238439157496015699622590502258890720171918950346735946040290843220969600008320882539329524530631154989440127283868090267972622989897698315043898250969714598166140150629249989217003000
17722926547149839742348641110812577473010656076235957323020979177392680708029654524602082598980231369328535235414176526953343911657214179221258355432270961261905588443785357723438961752087760413914404
-41189917480937836201335892280768343735522746975878037761967693064474802239187627512247454854678732477354348035330806664994062746168697224486517688646446704354634894859421974578406095213107445158542248
-28122014250788766382188662078066512009757607716247941505375698858420797349443596515980616319330346909143624414585878945186781084205137193419353271360598865244384602167109613311142940151224288349974611
-23010441028664993468446458162868960305855907679252441481298080719752755384261299376984004480775211677839314512276201723962563494675260818446230269486191683093862473391595835575756934847164561188665136
6522236757784099963589464205232864886589500821713520436288161539345005803198457607885316812226681873148137440360810557514102185345003617665494919006585579913955262468709029310458878391296993444848488
-24623104201188894618859776495292146850303939158579742716259838854352163489116080670365588377455131349168939195927360154951239307884205595464141799684711538230112838984263072271446942175771802719127380
93004749497758650680458976270939234378722706266482282406561317059842348618284564593740122684321389131768055187187589127270273961155896485583181147201111898607763097082963729843659030198302245797459791
27111989226859077693850371684174266883738541771227990243632438567964363181624647908000164431992899665247045664466256426614357307125395120489523519352022723117269432162833418413226351779880383885292440
-26634813469539099247483131844520537403992564317212251412682713158888374311339460913716787402813076844965770883784441315022461877012266972189914004654586261108790260308735191906088765996920593571223342
-19665343247912253127991623494660877055325896775274012622538744118538796640480008622434253350563799694957019995015168819229093897938609598612747634215719775245127993962993066461514168871381525853445000
31228420351731238848712156122023031514358580447892439379871392634505488891673198379869303352532737490974866510864900502619666789162846957802831154802986322282402831521157984821123993677571007165318678
30019132363881499856103701565051332583186566514161167023345780059330646532129265095748112032962160932518121015605211470205323989238492461177645845987598778070233275359729805841495085875625612186156782
99999999999999999999999999999999999999999999999999999999999999999999999999999999999999999999999999980000000000000000000000000000000000000000000000000000000000000000000000000000000000000000000000000001
